protein_name	rna_sequence	binding_label	probe_intensity	R_max	split	rank	matched_kmer	kmer_position	kmer_enrichment_score	probe_length
FUBP3	AUGGGGAUUAUUAUAUUUUA	1		5.523059	positive	1	UAUUAUA	8	120.0	20
FUBP3	AAAAUUGUUUCAUAAUAUAU	1		5.523059	positive	2	AAUAUAU	13	112.0	20
FUBP3	UUGAUAUAUGUUAAGCAGUA	1		5.523059	positive	3	UAUAUGU	4	81.0	20
FUBP3	UUUAUCUUACAGUUAUAUAU	1		5.523059	positive	4	UAUAUAU	13	294.0	20
FUBP3	GAUUUACACUUAUAUAUAAU	1		5.523059	positive	5	UAUAUAU	10	294.0	20
FUBP3	AACACACAAACGAACAAAUA	0			negative	1	-	-1		20
FUBP3	AGCACAAAAACUUACAGCUA	0			negative	2	-	-1		20
FUBP3	AUACAAAAACAAUAAUUGGA	0			negative	3	-	-1		20
FUBP3	CUACAAAAAUAUCCACAAUG	0			negative	4	-	-1		20
FUBP3	UGACAACAUAAAAUAGGAUU	0			negative	5	-	-1		20
